8101E458
40200220
03202020
0220E458
4020E758
40202020
20208020
20024820
202002E7
584020EA
58402020
20202081
01072020
20042004
48032002
03ED5840
20F05840
20202020
20810104
20202004
01042020
200201F4
584020F7
58402020
20202081
01012020
20202001
48020420
02F65840
20F95840
20202020
20800120
20202020
0201F958
4020FC58
40202020
2020C101
07202020
46202020
20209320
FB584020
FD584020
71594020
80072007
20202002
20FD5840
20205940
20202020
20810104
20202020
20034705
20200204
59402007
59402020
20202081
010F2020
20202002
48012002
02085940
200B5940
20202020
20800620
06202020
02010B59
40200E59
40202020
20208002
03202020
2002010E
59402011
59402020
202020C1
01012020
20462020
20202093
20105940
20125940
20605940
20802020
03470520
20021259
40201559
40202020
20208101
03202020
20200248
01200202
16594020
19594020
20202020
81010320
20200203
20202020
02011A59
40201D59
40202020
2020C101
01202020
46202020
20209320
1C594020
1E594020
60594020
80202003
47052020
021E5940
20215940
20202020
20810103
20202003
20204801
20020322
59402025
59402020
202020C0
46202020
20209320
25594020
27594020
60594020
80202003
47052020
02275940
202A5940
20202020
20810101
20202003
20204801
2002032B
5940202E
59402020
202020C0
46202020
20209320
2E594020
30594020
60594020
80202003
47052020
02305940
20335940
20202020
20810107
20202020
20024801
20020234
59402037
59402020
20202081
010F2020
20020320
20202002
01385940
203B5940
20202020
20C10101
20202046
20202020
2093203A
5940203C
59402060
59402080
20202020
20200104
3C594020
3F594020
20202020
81017D20
20200120
20202020
02014259
40204559
40202020
2020C101
01202020
46202020
20209320
44594020
46594020
59594020
80202001
48012020
02465940
20495940
20202020
20800120
20202020
02014959
40204C59
40202020
2020C101
07202020
46202020
20209320
4B594020
51594020
30054220
80052005
20202002
01515940
20545940
20202020
20804705
04470520
02025459
40205759
40202020
20208101
02202020
47050647
05200202
55594020
58594020
20202020
81010E20
20204705
07470520
02025659
40205959
40202020
20208101
0E202020
47050847
05200202
57594020
5A594020
20202020
81070220
20204647
05470520
4B025859
40205959
40202020
20205210
20208004
01012020
2002010A
4940200D
49402020
20202080
20200747
05202002
0D494020
10494020
20202020
81010120
20202020
08470520
20021149
40201449
40202020
20208101
01202020
01202020
20200104
15494020
18494020
20202020
81010120
20200420
02202020
02201949
40201C49
40202020
20208101
07202020
20200447
05202002
1B494020
1E494020
20202020
81010120
20200120
03202020
02201F49
40202249
40202020
20208101
03202020
04030420
20200201
21494020
24494020
20202020
81010720
20200420
01202020
02202349
40202649
40202020
20208101
03202020
01030120
20200201
25494020
28494020
20202020
81010F20
20202020
03470520
20022749
40202A49
40202020
20208101
01202020
03012020
20200201
2B494020
2E494020
20202020
81010320
20204620
20202020
93202D49
40202F49
40204949
40208020
20024705
20200249
4940204C
49402020
20202081
01012020
20022020
20202002
014D4940
20504940
20202020
20C1011F
20202046
20202020
2093204F
49402055
49402094
57402080
01200120
20200201
55494020
58494020
20202020
81010F20
20202020
03470520
20025749
40205A49
40202020
20208101
01202020
04010420
20200201
5B494020
5E494020
20202020
81010320
20200420
02202020
02205D49
40206049
40202020
20208101
3F202020
02010220
20200201
5F494020
62494020
20202020
81010320
20200302
20202020
02016149
40206449
40202020
2020C101
07202020
46202020
20209320
63494020
69494020
14544020
80202002
47052020
02694940
206C4940
20202020
20810101
20202007
20072020
2002016D
49402070
49402020
20202080
07022020
20200201
70494020
73494020
20202020
C1010120
20204620
20202020
93207249